20 20
0 1 0
0 1 1
0 1 2
1 0 3
1 1 72
0 1 73
0 0 74
1 1 67
1 0 66
1 1 63
1 0 62
1 1 57
0 1 56
1 1 55
0 1 56
1 0 57
1 1 60
0 1 61
0 1 62
1 0 63
1 0 -1
1 1 6
0 1 5
0 0 4
1 1 71
0 1 70
0 1 69
0 0 68
0 1 65
0 0 64
1 0 61
1 0 58
1 1 53
0 0 54
0 1 59
0 1 58
0 0 59
1 1 70
1 0 69
1 0 64
1 0 -1
1 0 7
1 1 10
1 0 11
0 1 72
0 1 73
0 1 74
0 1 75
0 1 76
1 0 77
0 1 60
0 0 59
0 1 52
0 1 51
0 1 50
1 0 49
1 0 90
1 0 71
1 0 68
1 0 65
1 0 -1
0 1 8
0 0 9
0 1 12
0 1 13
0 1 14
1 0 15
0 1 96
1 0 95
0 1 78
1 0 79
0 1 84
1 0 83
1 1 46
0 1 47
0 0 48
1 0 89
1 0 72
0 1 67
0 0 66
1 1 -1
1 1 -1
0 1 -1
0 0 -1
1 1 18
0 1 17
0 0 16
1 1 93
0 1 94
1 0 95
0 1 80
0 1 81
1 0 82
1 0 45
1 1 86
0 1 87
0 0 88
1 0 73
1 1 76
1 0 77
1 0 -1
0 1 -1
0 1 -1
1 0 -1
0 1 19
0 1 20
1 0 21
1 1 92
1 0 91
0 1 96
1 0 97
1 1 84
0 0 83
1 0 44
1 1 85
0 1 84
1 0 83
0 1 74
0 0 75
1 0 78
0 1 -1
1 1 -1
0 0 -1
0 1 -1
1 1 -1
1 0 -1
1 0 22
0 0 93
0 1 90
1 0 89
0 0 98
1 1 85
0 0 86
1 0 43
0 1 86
1 0 87
0 1 82
0 1 81
0 1 80
0 0 79
1 1 -1
0 0 -1
1 1 -1
1 0 -1
1 0 -1
1 0 -1
0 1 23
0 1 24
1 0 25
1 1 88
0 1 87
0 0 86
1 1 41
0 0 42
1 1 89
0 0 88
1 1 113
0 0 114
1 1 109
1 0 108
1 0 -1
1 0 -1
1 0 -1
0 1 -1
0 0 -1
1 0 -1
1 1 -1
0 0 -1
1 0 26
1 0 89
1 0 92
1 1 39
0 0 40
1 0 97
1 0 90
1 1 113
0 1 112
0 1 111
0 0 110
1 0 107
0 1 -1
1 0 -1
0 1 -1
1 0 -1
0 1 -1
0 1 -1
1 0 -1
1 1 28
0 0 27
0 1 90
0 0 91
1 1 38
1 0 37
1 0 96
1 0 91
0 0 114
1 1 103
0 1 104
0 1 105
1 0 106
1 0 -1
0 1 -1
1 0 -1
0 1 -1
1 0 -1
0 1 -1
1 0 -1
0 1 29
0 1 30
0 1 31
1 0 32
0 0 39
1 0 36
1 0 95
1 0 92
1 1 101
0 0 102
1 1 -1
1 0 -1
1 0 107
1 1 -1
0 1 -1
0 1 -1
0 0 -1
0 1 -1
1 0 -1
0 1 -1
1 0 -1
0 1 -1
1 0 -1
0 1 33
0 1 34
0 0 35
1 1 94
0 0 93
1 0 100
0 1 -1
1 0 -1
1 0 -1
1 0 108
1 0 -1
0 1 -1
1 0 -1
1 1 -1
0 1 -1
0 0 -1
1 0 -1
0 1 -1
1 1 -1
0 1 -1
0 1 -1
0 1 -1
0 0 -1
1 0 95
1 1 98
0 0 99
1 1 -1
0 0 -1
0 0 -1
1 0 109
1 0 -1
1 1 -1
0 0 -1
1 0 -1
1 1 -1
0 1 -1
0 1 -1
1 0 -1
1 0 -1
1 1 -1
1 0 -1
1 1 -1
1 0 -1
0 1 96
0 0 97
0 1 -1
0 1 -1
1 0 -1
1 1 111
0 0 110
1 0 -1
1 0 -1
1 1 -1
0 0 -1
1 1 -1
0 1 -1
1 0 -1
0 0 -1
1 0 -1
1 0 -1
0 1 -1
0 0 -1
0 1 -1
0 1 -1
1 1 -1
0 1 -1
1 1 -1
0 0 -1
1 0 112
1 0 -1
1 0 -1
1 0 -1
1 0 -1
0 1 -1
1 0 -1
1 1 -1
0 0 -1
1 1 -1
0 0 -1
1 0 -1
0 1 -1
0 1 -1
1 0 -1
1 1 -1
0 0 -1
1 0 -1
1 0 -1
1 1 114
0 0 113
1 0 -1
0 1 -1
1 0 -1
0 1 -1
1 0 -1
0 0 -1
0 1 -1
1 0 -1
1 0 -1
1 0 -1
0 1 -1
1 0 -1
1 1 -1
0 0 -1
1 0 -1
1 1 -1
0 1 -1
0 0 -1
1 0 115
1 1 -1
1 0 -1
1 0 -1
0 1 -1
1 0 -1
0 1 -1
0 1 -1
1 0 -1
1 0 -1
1 1 -1
0 0 -1
1 1 -1
0 1 -1
0 0 -1
1 1 -1
1 0 -1
0 0 -1
1 1 118
0 1 117
0 0 116
1 0 -1
0 0 -1
1 1 -1
1 0 -1
1 0 -1
1 0 -1
1 1 -1
0 0 -1
0 1 -1
0 0 -1
1 1 -1
0 0 -1
1 0 -1
1 1 125
0 0 126
0 0 -1
1 1 120
0 0 119
0 1 -1
0 1 -1
0 1 -1
1 0 -1
0 0 -1
0 1 -1
0 1 -1
0 0 -1
0 1 -1
0 1 -1
0 1 -1
0 1 -1
0 1 -1
0 1 -1
0 0 -1
0 1 124
0 1 123
0 1 122
0 1 121
0 1 122
0 1 123
0 1 124
0 1 125
0 1 126
