10 10
0 1 0
1 0 1
1 1 46
0 1 45
0 1 44
0 1 43
0 1 42
1 1 41
1 0 42
1 0 45
1 0 7
1 0 2
1 0 47
1 0 50
1 1 37
0 1 38
0 1 39
0 0 40
0 1 43
1 0 44
1 0 6
1 0 3
0 1 48
1 0 49
0 1 36
0 1 35
1 0 34
1 1 -1
0 0 -1
1 0 45
1 1 5
0 0 4
1 0 55
0 1 50
1 0 51
1 1 32
0 0 33
1 0 -1
1 1 47
0 0 46
1 0 6
0 1 55
0 1 54
1 1 53
0 0 52
0 1 31
1 0 30
1 0 -1
0 1 48
1 0 49
1 0 7
1 1 10
1 0 11
1 0 54
1 1 57
1 0 58
1 0 29
1 0 -1
1 1 51
0 0 50
0 1 8
0 0 9
1 0 12
0 1 55
0 0 56
1 0 -1
1 0 28
1 0 -1
1 0 52
1 0 55
1 1 15
0 1 14
0 0 13
1 0 -1
1 1 -1
0 0 -1
1 0 27
1 0 -1
0 1 53
1 0 54
1 0 16
1 1 19
1 0 20
0 1 -1
0 0 -1
1 1 25
0 0 26
1 0 -1
1 1 56
0 0 55
0 1 17
0 0 18
0 1 21
0 1 22
0 1 23
0 0 24
0 1 -1
0 1 58
0 1 57
0 1 58
